00000000000000000000000000000000000000000000000000
01111111111111111111111111111111111111111111111110
01111111111111111111111111111111111111111111111110
01111111111111111111111111111111111111111111111110
01111111111111111111111111111111111111111111111110
01111111111111111111111111111111111111111111111110
01111111111111111111111111111111111111111111111110
01111111111111111111111111111111111111111111111110
01111111111111111111111111111111111111111111111110
01111111111111111111111111111111111111111111111110
01111111111111111111111111111111111111111111111110
01111111111111111111111111111111111111111111111110
01111111111111111111111111111111111111111111111110
01111111111111111111111111111111111111111111111110
01111111111111111111111111111111111111111111111110
01111111111111111111111111111111111111111111111110
01111111111111111111111111111111111111111111111110
01111111111111111111111111111111111111111111111110
01111111111111111111111110111111111111111111111110
01111111111111111111110000000111111111111111111110
01111111111111111111100000000011111111111111111110
01111111111111111111000111110001111111111111111110
01111111111111111110001111111000111111111111111110
01111111111111111110011111111100111111111111111110
01111111111111111110011111111100111111111111111110
21111111111111111100011111111100011111111111111112
01111111111111111110011111111100111111111111111110
01111111111111111110011111111100111111111111111110
01111111111111111110001111111000111111111111111110
01111111111111111111000111110001111111111111111110
01111111111111111111100000000011111111111111111110
01111111111111111111110000000111111111111111111110
01111111111111111111111110111111111111111111111110
01111111111111111111111111111111111111111111111110
01111111111111111111111111111111111111111111111110
01111111111111111111111111111111111111111111111110
01111111111111111111111111111111111111111111111110
01111111111111111111111111111111111111111111111110
01111111111111111111111111111111111111111111111110
01111111111111111111111111111111111111111111111110
01111111111111111111111111111111111111111111111110
01111111111111111111111111111111111111111111111110
01111111111111111111111111111111111111111111111110
01111111111111111111111111111111111111111111111110
01111111111111111111111111111111111111111111111110
01111111111111111111111111111111111111111111111110
01111111111111111111111111111111111111111111111110
01111111111111111111111111111111111111111111111110
01111111111111111111111111111111111111111111111110
00000000000000000000000000000000000000000000000000